,
w

· 18. 11000005001100510000110150111550050111 01000 0011011101311150 nau-mmm or·
10000000 1100103003 011, 0005 welches 110 Bou-Inspectum 100001 00500 0011001000 001050
8000001000 0010010001005000300, 001050 110 11050υο301000 00 100300 0000105101 0101,
01051 000100 110000 5000511 0000100.

500 ’100 10500 1854.

’ 2. Ianuar 11005100001500005131,1001108000001101011101113141030000510005-

3011010000 50000100 0100010500 101.

’ 5100000. 8051000150 0001031,100011010000100030000050501000001005010300300000

- ’5500101010 5000000100 passus 0000 aus dem 000100000-000101011 0000001300 1010011000 ’
’10 10010500050010510 0118100010003 001 110 300005100 50001300 110 Numen der 00030·

01000000 50511100 0010105000 0101.

010000011005100001500000131, 1000 00 011 100000105001100000-80501000 vom 15. April
1848 050000 30501100 werden soll, 010 011 100 1100000- 5000100030.

. 21. 100000. 8051000150 15011155005011100001105005110101001018000010100 vom 21. 151
011, 0005 00010500 000 100 8001110100 100110000 100 105000 8101110 42 8151, 100 5050000
Lucas, 80100001, {leyen scholtz und 10000 10100 30 8151, 100 00. 51001 20 8151, .

' und 100 8050111000 Weiss 108151. 0100010001100003 001 108 8151. zum 501001 0530110- ,

1100500 10010000010 5000111131 worden sind, 001 110 1100135050 8031000030110001-110000 in 1103.-
0110 0030010000 000100 101, zur 8000011003 100 959 8151. 7 sgr. 6 11 5000300100 1100100
100 8000010050000 00 000000101-0051010 0100οι20005οι von 540 8151. zu 005100, (010

· 1130000101-80000 501000 100 8001110100 419 8151. 7 8301 Pr. 5013010300.)

27. 100000. 8005100150 0500000101 110 001103000501100 100 5511001001ιο von Michaelis
1853 011100550050111 100 000 100 1100131105οη 010000005011110500 Ριᾱ10030-0000100100 5500
1100001500 053030500ιο 0010051000.

29100000 1100510000150 300050131110110. David 8100005050 81111003.

6. Februar. 1100510000150 0001051110 50110010 8000001003 000, 1000 0105 1010 505000
00100 0300000100 0030001000 1001005οη 505000-1000000100300 50150111300 werde, 10001
10150000 001 0000011105 001 100 1010100 nn 000130010500 05305οΙ1000 010510 8000005003
011030350500100300 001 10 100 5011000003 100105000500100 0100 0001055050 81051003 1001
3030500 5050, 001050 100 00101500 100 805010 001 100 8011001000 0110000110. 11005100
10 100 Person 100 0101015000 001 10 100 5011οι003 100 (1030001001οι 100 (15001100 100100-
0000100300 noch 1100050000030100100 001, 001 00 00 00 0050 0015000113, 1001001100-

0011130 5050001001 0105 31001105 von, 15000 1000 50110 001 00011 10030100 000 Ι100 150 100 -
0005000100 0000100 001 30000100 8105003 051030. 10011005001100300 werden, wenn 010, ,

wider Etwarten vorkommen 0011100, 10 01030 100 010001000001050000 010003 3001131 000100.

20. 8050000. 8005100150 150111 0100 8001100003 100 110500 511οἰ01001000 011, 0005
00010500 010 011 01000 0001003050100000 01000 00001οο 0011000000 511111010- 10001110, 00000
00 10 01000 0010050013ου 01οι 01000 001000 5001100100 810110 0030010111 0101, 10 0010· 5001
00110 001000 005οΙ1030ηο0 00000 011 501003 100 5100ὼο100000 001 110 bem& 110000,Ι

mm] 100 ,5030501110 110 11011010· 8000110100 0010051, 001113 000 100 50010110031100010100
100 00 ., . . , .

 

